<svg version="1.1" id="Layer_1" xmlns="http://www.w3.org/2000/svg" xmlns:xlink="http://www.w3.org/1999/xlink" x="0px" y="0px"
	 width="auto" viewBox="270 390 540 270"
 enable-background="new 0 0 1024 1024" xml:space="preserve">
<path fill="#000000" opacity="1.000000" stroke="none" 
	d="
M368.000000,605.120422 
	C348.504486,605.130554 329.508881,605.107056 310.513611,605.179504 
	C306.860199,605.193420 303.814972,605.005676 303.801086,600.117126 
	C303.785736,594.696289 304.903534,593.160461 309.975830,592.711975 
	C327.061523,591.201355 329.638733,588.397522 329.634308,571.455322 
	C329.623749,531.131409 329.628967,490.807556 329.628265,450.483673 
	C329.628052,437.769714 326.722931,434.391144 314.074066,432.469055 
	C312.594452,432.244232 311.092255,432.140106 309.596283,432.055847 
	C305.058807,431.800171 303.813477,429.254547 304.064697,425.012268 
	C304.311188,420.849670 306.293793,419.756073 310.162567,419.762207 
	C381.978149,419.875916 453.794128,419.817810 525.609436,420.006317 
	C539.627075,420.043091 553.591125,421.291046 566.550537,427.482605 
	C583.950256,435.795563 592.550232,449.840332 591.222046,469.269806 
	C589.971680,487.561035 580.004517,499.741058 563.042542,506.347107 
	C561.191406,507.068054 559.324463,507.748383 556.226624,508.913147 
	C559.420898,509.728333 561.511658,510.245117 563.593445,510.795837 
	C582.992432,515.927734 595.368774,527.587097 601.496094,547.277893 
	C610.600403,576.536011 639.678528,598.260925 675.338013,588.846497 
	C685.795715,586.085510 693.629700,580.279724 695.439514,569.084229 
	C697.407227,556.912109 694.370789,546.187134 683.749390,538.685608 
	C675.532532,532.882324 666.379089,528.863159 657.127258,525.038818 
	C645.132812,520.080811 632.872131,515.717285 621.732117,508.860626 
	C595.010071,492.413300 589.253906,457.041260 610.101624,434.789917 
	C620.442139,423.753143 633.967041,418.535278 648.808472,417.072479 
	C669.350220,415.047821 688.438232,419.946259 706.382385,429.960938 
	C710.490845,432.253906 712.305847,435.088806 712.141663,439.909515 
	C711.818542,449.395966 712.113586,458.902039 712.024048,468.398773 
	C711.997375,471.225922 712.884216,474.825165 708.257385,475.170807 
	C704.314270,475.465302 700.998291,475.590790 699.487976,470.330933 
	C696.417358,459.637360 690.870605,450.222137 682.939087,442.212646 
	C671.298645,430.457855 649.241516,427.796936 635.244202,436.717163 
	C622.319153,444.954041 620.070679,467.290070 631.019226,478.638214 
	C637.061096,484.900513 644.677429,488.580048 652.518738,491.969757 
	C665.507690,497.584778 679.130310,501.680695 691.693848,508.306458 
	C701.368347,513.408569 710.182495,519.523865 716.434143,528.805359 
	C731.672852,551.429626 724.147583,584.184021 700.292114,597.387573 
	C683.480225,606.692749 665.335449,609.453064 646.219421,607.722046 
	C635.826111,606.780945 625.778809,605.025513 616.233215,600.827454 
	C608.041199,597.224792 600.732544,592.392883 595.416748,584.975952 
	C594.746826,584.041199 594.027893,583.141541 593.546509,582.508301 
	C590.307922,583.171326 589.093750,585.378845 587.440674,586.903259 
	C573.154785,600.077332 555.869141,605.027161 536.961304,605.066528 
	C480.807739,605.183411 424.653778,605.115723 368.000000,605.120422 
M566.884399,569.263306 
	C567.400818,566.993164 568.143188,564.748108 568.398499,562.448975 
	C570.720520,541.536560 563.429749,525.552612 540.313171,519.776733 
	C528.490967,516.822815 516.415771,518.682983 504.471619,518.037231 
	C500.535919,517.824463 499.278961,519.291260 499.317230,523.226990 
	C499.484283,540.389404 499.335205,557.554565 499.378540,574.718506 
	C499.404053,584.828979 503.683411,589.415649 513.874634,589.760925 
	C521.861633,590.031433 529.912476,590.272156 537.854675,589.591003 
	C550.914795,588.470886 561.646545,583.282593 566.884399,569.263306 
M396.412750,519.046753 
	C394.276276,518.743896 392.146118,518.241211 390.002197,518.173462 
	C381.688080,517.910583 373.351379,518.057678 365.060059,517.501160 
	C360.598511,517.201660 359.218567,518.505615 359.266876,522.948547 
	C359.460602,540.760864 359.349426,558.576477 359.345398,576.390869 
	C359.343353,585.433655 362.727356,589.269470 371.770355,589.666931 
	C378.915771,589.981018 386.089111,589.930237 393.242462,589.746521 
	C425.537231,588.916992 431.602753,563.489075 425.461182,542.328918 
	C421.417633,528.397217 410.501984,522.229126 396.412750,519.046753 
M450.318420,527.236023 
	C456.863556,535.489563 460.447662,544.837891 460.106964,555.415710 
	C459.602356,571.083740 452.705200,583.403320 438.758667,592.459595 
	C445.295685,593.247314 450.531586,592.306519 455.724518,591.353027 
	C468.843079,588.944397 470.963531,586.375549 470.983154,573.171509 
	C471.018280,549.512085 471.010681,525.852661 471.010590,502.193268 
	C471.010498,484.532257 470.991669,466.871246 470.986450,449.210236 
	C470.984863,443.819153 470.296631,438.558777 464.583160,436.226562 
	C455.220428,432.404755 445.350555,432.149506 433.840393,432.398804 
	C448.354767,444.960602 453.141083,459.636475 449.171356,476.829407 
	C445.130280,494.331360 432.310486,503.277832 414.863678,508.979462 
	C429.520844,511.424622 441.008179,516.563538 450.318420,527.236023 
M542.894897,498.472717 
	C555.246277,491.091797 561.447388,477.471039 559.173401,462.717102 
	C556.911804,448.043365 548.377014,439.080048 533.135315,435.519592 
	C523.282104,433.217865 513.258789,434.581238 503.311218,434.328552 
	C500.452545,434.255951 500.269348,436.310059 500.267548,438.439240 
	C500.262970,443.928101 500.241882,449.416992 500.241669,454.905853 
	C500.241058,469.542908 500.231995,484.179993 500.269897,498.816956 
	C500.275269,500.898407 499.788055,503.629303 503.066681,503.621429 
	C516.304382,503.589630 529.769714,505.235931 542.894897,498.472717 
M387.414764,502.957458 
	C411.585632,499.228882 417.576721,484.927429 418.475983,468.264282 
	C419.420441,450.764587 408.224854,438.494812 389.059662,434.971161 
	C380.315826,433.363556 371.448853,434.493988 362.639709,434.308472 
	C359.932465,434.251465 359.385468,436.083496 359.384979,438.323669 
	C359.380524,458.810760 359.393188,479.297974 359.324097,499.784882 
	C359.314911,502.512360 360.285614,503.792755 363.098907,503.708069 
	C370.912903,503.472748 378.754547,504.290588 387.414764,502.957458 
z"/>
</svg>